b = 21:25

k = 5 : 5 : 25
