A=[2,3,2;1,0,1]

B=[1,2;3,5]
